E_ph QE QRefl LGRefl30_Mylar LGRefl45_Mylar LGRefl60_Mylar LGRefl90_Mylar LGRefl30_MiroIV LGRefl45_MiroIV LGRefl60_MiroIV LGRefl90_MiroIV QAbs QAbs(70 MRad) QAbs(170 MRad) CathIndR CathIndI 
1.55 0.00107604 0.0665276 0.61286913 0.575389 0.59728 0.86853430 0.57810834 0.561692 0.57993263 0.76413912 159.211 0 134.919 2.93405 0.7544
1.58 0.00107604 0.0665942 0.52523568 0.562587 0.601551 0.83838141 0.52530570 0.54151 0.55153149 0.76549895 152.516 0 134.919 2.81602 0.515705
1.61 0.00107604 0.0665942 0.49214614 0.562587 0.601551 0.83597288 0.51108016 0.54151 0.58781395 0.78387319 148.197 0 134.919 2.81602 0.515705
1.64 0.00113934 0.0666609 0.51929761 0.57576 0.622696 0.86318170 0.53780685 0.559166 0.61801806 0.79919004 145.778 0 132.166 2.65292 0.162711
1.67 0.00136922 0.0667276 0.64674901 0.599114 0.652581 0.91181644 0.65433190 0.588876 0.68000302 0.81251539 144.863 0 132.166 2.64155 0.158592
1.7 0.00136922 0.0667276 0.58429931 0.599114 0.652581 0.87560079 0.59922635 0.588876 0.67474162 0.81243055 145.128 0 132.166 2.64155 0.158592
1.73 0.00172166 0.0667944 0.59990774 0.607586 0.661035 0.91449023 0.62035868 0.60366 0.67487395 0.80914163 146.306 0 139.782 2.65721 0.219961
1.76 0.00172166 0.0667944 0.63350107 0.607586 0.661035 0.91007568 0.66418034 0.60366 0.69978374 0.82206155 148.176 0 139.782 2.65721 0.219961
1.79 0.00172166 0.0668613 0.59062544 0.599707 0.657149 0.89809864 0.61654496 0.603444 0.67864265 0.82696106 150.557 0 137.612 2.63667 0.257276
1.82 0.00172166 0.0669282 0.61780392 0.604776 0.661847 0.92616411 0.64533220 0.610668 0.68534971 0.83967053 153.302 0 137.612 2.64609 0.275079
1.85 0.00172166 0.0669282 0.61764543 0.604776 0.661847 0.86888685 0.63213090 0.610668 0.72308090 0.84714550 156.289 0 137.612 2.64609 0.275079
1.88 0.00183132 0.0669952 0.63188849 0.618158 0.645333 0.95908619 0.63780407 0.634979 0.70815323 0.84580976 159.42 0 128.567 2.6679 0.291109
1.91 0.00183132 0.0669952 0.66252116 0.618158 0.645333 0.94625324 0.67951911 0.634979 0.72587342 0.85095203 162.615 0 128.567 2.6679 0.291109
1.94 0.0019489 0.0670623 0.63118940 0.602005 0.662391 0.92247341 0.65509699 0.615949 0.74370326 0.85110841 165.81 0 128.567 2.67284 0.326428
1.97 0.00266535 0.0671294 0.62177304 0.593177 0.657346 0.92563333 0.64093935 0.609372 0.74488953 0.86068758 168.955 0 121.065 2.71082 0.334684
2 0.00266535 0.0671294 0.66907840 0.593177 0.657346 0.98390858 0.71078742 0.609372 0.71705839 0.87050688 172.008 0 121.065 2.71082 0.334684
2.03 0.00510642 0.0671966 0.59255707 0.58842 0.655632 0.90994578 0.61760445 0.605545 0.74786071 0.86192897 174.939 0 125.592 2.76661 0.334581
2.07 0.0105398 0.0672638 0.64217996 0.588556 0.656357 0.94539125 0.66879754 0.609088 0.82935185 0.90108944 178.616 0 125.592 2.81675 0.387799
2.1 0.0105398 0.0672638 0.63016870 0.588556 0.656357 0.93927849 0.65204698 0.609088 0.78494779 0.87848817 181.179 0 125.592 2.81675 0.387799
2.14 0.0185402 0.0673642 0.55437888 0.600146 0.669332 0.87727617 0.59377516 0.622878 0.90272709 0.90054571 184.314 0 131.984 2.85521 0.446565
2.18 0.02978 0.0674833 0.54536078 0.590641 0.660053 0.85517140 0.58629015 0.612392 0.73625523 0.88793592 187.113 0 131.984 2.87959 0.534811
2.21 0.0450236 0.0676066 0.63827203 0.609039 0.676323 0.93908218 0.66906745 0.630472 0.75333953 0.88392854 188.988 0 137.287 2.90428 0.630064
2.25 0.0642201 0.067714 0.56192512 0.61281 0.680998 0.86023962 0.60054945 0.635604 0.76359623 0.88475079 191.186 0 137.287 2.93699 0.764394
2.3 0.0851865 0.067825 0.62637966 0.616843 0.68519 0.92652462 0.66363346 0.639138 0.76283218 0.88965132 193.46 0 142.801 2.9565 0.878021
2.34 0.0851865 0.067825 0.62126908 0.616843 0.68519 0.91765240 0.67482106 0.639138 0.77705814 0.88808919 194.909 0 142.801 2.9565 0.878021
2.38 0.104685 0.0679326 0.62878831 0.622278 0.690392 0.92139875 0.67007702 0.645526 0.75714384 0.89407645 196.044 0 148.145 2.90113 0.909927
2.43 0.12228 0.0680383 0.63194210 0.621284 0.68994 0.92294775 0.66390800 0.645522 0.77368865 0.89671356 197.041 0 148.521 2.84162 0.936687
2.48 0.138587 0.0681427 0.64924730 0.623991 0.692858 0.93150661 0.69088120 0.647627 0.79108068 0.89453825 197.6 0 148.521 2.79294 0.983838
2.53 0.154289 0.0682951 0.63287532 0.628135 0.698252 0.91898425 0.67486723 0.650015 0.78733443 0.89555579 197.752 0 158.588 2.74303 1.04718
2.58 0.170402 0.0684247 0.63206045 0.634599 0.705525 0.91433875 0.67103786 0.658675 0.79415105 0.89767727 197.53 0 158.588 2.69754 1.09369
2.64 0.199926 0.0686607 0.65140700 0.641534 0.712928 0.92885943 0.70067700 0.662492 0.79072548 0.89859838 196.815 0 159.949 2.60172 1.09389
2.7 0.213576 0.0688338 0.64594601 0.644989 0.717208 0.93285323 0.68617760 0.665803 0.78900508 0.89689956 195.662 0 155.324 2.54236 1.1005
2.76 0.226643 0.0689556 0.65596142 0.648746 0.722419 0.93201137 0.69861194 0.669726 0.79632320 0.89857475 194.121 0 168.686 2.41995 1.135
2.82 0.2377 0.069111 0.65970509 0.6488 0.721756 0.92798815 0.70162437 0.666566 0.80230251 0.89687092 192.24 0 168.686 2.30035 1.17249
2.88 0.256041 0.0693846 0.69841914 0.659806 0.733442 0.95587268 0.73418203 0.674982 0.80946585 0.89361236 190.062 0 149.847 2.17216 1.21127
2.95 0.264033 0.0695288 0.65272338 0.662288 0.737641 0.91401440 0.69283172 0.676137 0.79546500 0.88986190 187.201 0 152.211 2.14272 1.21611
3.02 0.270802 0.0696879 0.68443593 0.668747 0.74483 0.93596540 0.71469512 0.681438 0.80870181 0.88527831 184.047 0 150.435 2.10729 1.22038
3.1 0.282018 0.0700464 0.68661890 0.677158 0.754495 0.93043412 0.71782160 0.681571 0.81041980 0.87309192 180.153 0 134.874 1.97172 1.31025
3.18 0.289768 0.0703539 0.69913531 0.683295 0.760739 0.93565917 0.72363969 0.677935 0.80275092 0.86252733 176.012 0 139.694 1.81652 1.43464
3.26 0.292443 0.0705222 0.70603734 0.690073 0.771094 0.94235095 0.72591002 0.680339 0.79772708 0.83940058 171.682 0 136.07 1.78331 1.44733
3.35 0.296216 0.0709254 0.71274787 0.69864 0.779712 0.93566685 0.71572843 0.665695 0.78190993 0.79406536 166.647 0 132.17 1.6935 1.36138
3.44 0.29766 0.0713142 0.72129085 0.707132 0.789741 0.94017262 0.70406077 0.633095 0.74064162 0.71016982 161.497 0 121.145 1.6106 1.27959
3.54 0.298454 0.0717876 0.72443564 0.715947 0.798739 0.93056992 0.65239199 0.551153 0.63838180 0.52792855 155.699 0 83.0344 1.58495 1.19726
3.65 0.298446 0.072067 0.74023963 0.722308 0.808587 0.94092574 0.52567439 0.380069 0.38942519 0.26662217 149.294 0 58.232 1.56542 1.11272
3.76 0.297468 0.0725936 0.78998708 0.736933 0.825072 0.94530033 0.29692340 0.107645 0.13035542 0.20382511 142.918 0 45.0774 1.49069 0.975759
3.87 0.295776 0.0730113 0.75531210 0.739317 0.829506 0.93581922 0.10307218 0.121102 0.11754886 0.26935202 136.616 0 32.5663 1.42804 0.895303
4 0.290902 0.0735292 0.75410892 0.746214 0.8376 0.93088695 0.10704671 0.202043 0.20244128 0.32052847 129.313 0 22.067 1.35671 0.803612
4.13 0.286475 0.0739077 0.76049106 0.750511 0.842786 0.92742359 0.16548198 0.235781 0.25583756 0.33127726 122.207 0 13.9318 1.35129 0.749369
4.28 0.274917 0.0750508 0.75487922 0.747654 0.843207 0.92489946 0.20920696 0.256014 0.28152912 0.32117685 114.291 0 9.45705 1.33575 0.638899
4.43 0.263661 0.0759965 0.74891395 0.743964 0.84091 0.91409714 0.23134945 0.250238 0.28030399 0.30072037 106.706 0 8.3976 1.32944 0.629366
4.59 0.252352 0.0766319 0.75309489 0.739702 0.839877 0.91184828 0.24551321 0.241527 0.26521237 0.27454372 98.9965 0 6.52032 1.30712 0.610593
4.77 0.241387 0.0776936 0.74004504 0.728075 0.831201 0.89808455 0.24542502 0.228414 0.24645026 0.24921198 90.8029 0 5.4129 1.27539 0.584887
4.96 0.240115 0.0789382 0.71428843 0.705307 0.807057 0.87801252 0.23983041 0.214087 0.22558520 0.22775934 82.7004 0 4.72908 1.28025 0.58498
5.17 0.249086 0.0802176 0.64876317 0.641786 0.73845 0.86175713 0.22731141 0.194508 0.21133959 0.21790856 74.3789 0 3.76007 1.28025 0.58498
5.39 0.265845 0.0818538 0.53630101 0.509701 0.579546 0.84122553 0.19725214 0.165221 0.20236247 0.21856140 66.3417 0 2.93654 1.28025 0.58498
5.64 0.282768 0.0836815 0.45709185 0.417563 0.466003 0.82667634 0.20327375 0.168313 0.22517529 0.24604056 58.0003 0 2.29729 1.28025 0.58498
5.9 0.292666 0.0856745 0.50057556 0.45032 0.501258 0.79714314 0.28311707 0.224185 0.28677531 0.29404349 50.1491 0 2.37719 1.28025 0.58498
6.2 0.297091 0.088007 0.58920106 0.543791 0.585227 0.73570407 0.40759594 0.34487 0.42641587 0.42734339 42.036 0 2.57308 1.28025 0.58498
